1 1 1 1.266 0.01600624877977348
2 2 1 0.1564 0.01221883791528474
2 1 3 -0.8613 0.01738102413553356
1 5 3 0.4354 0.01453960109494067
2 3 3 0.4628 0.01473770674155243
2 4 3 0.3406 0.01385640646055102
5 2 3 -0.2439 0.01320605921537534
3 4 3 -0.1982 0.01297304898626379
4 5 3 -0.3882 0.01440138882191575
7 4 3 -0.2079 0.01299615327702778
4 9 3 0.1308 0.01242980289465605
5 6 3 0.3203 0.01371495534079495
11 6 3 -0.0291 0.01185748708622531
6 12 3 0.0432 0.01192057045614848
6 13 3 0.0629 0.01218605760695394
7 8 3 -0.0049 0.01166619046647191
9 7 3 -0.1922 0.01302689525558565
9 10 3 0.0328 0.01187013058057914
14 9 3 -0.0408 0.01199166377113701
10 11 3 -0.0186 0.01176010204037363
13 12 3 0.0004 0.01169187752245122
13 14 3 0.0244 0.01183638458314024
1 1 2 -0.0759 0.01190798051728336
2 2 2 -0.1262 0.01206233808181482
2 1 4 0.0015 0.01171324037147706
1 5 4 -0.0486 0.01197914855071094
2 3 4 0.0766 0.01212847888236608
2 4 4 -0.1233 0.01232882800593795
5 2 4 0.0832 0.01212847888236608
3 4 4 -0.1012 0.0125099960031968
4 5 4 0.0097 0.01177709641634983
7 4 4 0.1381 0.01253794241492598
4 9 4 -0.064 0.01194571052721436
5 6 4 -0.0922 0.01225561095988282
11 6 4 -0.0361 0.01178134118001851
6 12 4 0.0276 0.01177709641634983
6 13 4 0.038 0.01195407880181489
7 8 4 -0.1227 0.01260952021291849
9 7 4 -0.0297 0.01170897091976917
9 10 4 0.0126 0.0118911731969558
14 9 4 -0.0111 0.01184060809249255
10 11 4 0.0055 0.011700427342623
13 12 4 0.0027 0.011700427342623
13 14 4 0.0259 0.01172177460967408
1 1 7 1.0551 0.003532704346531139
2 2 7 1.0468 0.0034828149534536
